INDEX SCRIPTORUM. 453

23 5, 31. ἐκ τῆς πρὸς Ῥωμαίους
ἐπιστολῆς 76, 8. 77, 11. 92, 6.
ἐκ τ’ἦς κδ’. ὁμιλίας τῆς α’. εἷς τοὺς
Κορινθίους ἐπιστολῆς 268, 32. ἐκ
τοῦ προς Κορι ινθῖου ους β’. ἐπιστολης
ὅτομῆματος 162,18. ἐκ τοῦ
ὑπμνῆματος τῆς πρὸς Κορι ιίνθυ ου ς
ἐπιστολῆς ει ἲς το ῥητο το φάσκον,

’πειτα ωφθη Ἰακώβῳ 248, Ι. ἐκ
τῆς πρὸς Κολοσσαεῖς 331, 21. ἐκ
τῆς πρὸς Τιμόθεον β’. ἐπιστολῆς ὅμι-
λίας β’. 189, 18. ἐκ τοῦ εἷς τὴν

ἀνάληψιν λόγου ς’. 128, 24. ἐκ ”

τοῦ κατὰ Ἰουδαίων λόγου 286, 8.
ἐκ τοῦ εἷς τὴν νβ’. ὁμιλίαν 151,
33. πρὶς τοὺ νς μὴ ἀπαντήσαντας
εἲςτηνσῦν κὶα εἶςτὸμηπαρα-
τρέχειντὰς ἔτι Πγραφὰς των βιίηβλω
καὶ εἲςτ το ἐπί ιγραμμα τοῦ βῶμου
287, 6.

chrysostomum, 25. 2, 29. 3, 13.
19 425 5,33 6,27· 7,
18. 23. 8,12. 21.31. 10, 3.
30.11,4..1826.12,..817
13,10. 19. 28. 14,9..26 15.
4. 17, 31. 18, 46. 21, 33. 23,
20. 24, 22. 25‚6 ..32 34. 26,
15.20. 28, 29. 29, 1. 30, 8.
31, 3. 14. 15. 32. 33, 28. 34.
416. 35‚17.28. 37,11.23.
38, 25. 39, 29. 43, 9. 20.
44213· 47, 33ι 48, 26- 5ο,

17. 21. 51, 24. 31. 53, 1. 10.
54, 5. 14. 20. 24. 33. 55, 14.
19. 56, 22. 25. 30. 57, 1. 24.

58, 23. 59, 4. 60, 1. 9. 10.
16. 21. 61, 20. 26. 62, 4. 32.

63, 1. 16. 27. 64, 17. 24. 65,
4.31. 66, 3. 67, 12. 69, 13.
³3: 33: 2⁵.: ,⁷71’2¹.·.⁵·23.· 33:
73, 11. 15. 21. 74, 6. 10. 16.

27. 75, 5. 15. 26. 76, 4. 33.
77, 18. 32. 78, 1. 8. 16. 79,

12. 80, 12. 82, 7. 34. 83,

3. 8. 11. 16. 25. 84, 1. 5. 13.
86, 3. 14. 87, 7. 16.
88, 3. 22. 27. 31. 89, 6.12.
21. 91, 1. 8. 15. 92, 12. 20.
94, 2· 7· ι5·
30. 95. 5. 15. 22. 97, 4. 17.
28. 98, 3. 20. 99, 1. 4. 9.18.

14. 21.

28. 93, 26. 31.

27. 33. 100, 6. 16. 29. 101,
10. 28. 102, 7. 10. 19. 23.
103, 1. 24. 30. 33. 104, 14.
105, 1. 20. 107, 3. 110, 22.
29. 111, 4. 112, 9. 12. 114,

14. 115, 9. 25. 33. 117, 4.
13. 119, 3. 25. 29. 120. 22.

122, 3. 9. 123, 29. 124, 14.
30. 125, 4. 27. 126, 15.18.
24. 29. 127, 28. 129, 26.
130, 7. 132, 5. 16. 22. 133,
Ι3» 19· Ι34» 30· 34· 135, 23·
136, 7. 14. 138, 32. 139, 10.
21. 140, 8. 141, 8.33. 142,
{8⁴3}AE11¹.⁴}'2.¹²'147¹‚4‘7*3 ἒξ
11. 148, 4. 9. 22. 149, 1.
150, 26. 32. 151, 19. 27. 32.
152, 29. 154, 9.14. 155, 28.
156, 4. 17. 28. 157, 4.14.16.
24. 159, 14. 20. 29. 160, 1.
{5346 1ῗὲ ⁷·11²2·7¹⁷·1²6⁴·³²·
16.’24. 1653’4. 9. 16. 1646,ss
167, 3. 15. 30. 168, 19. 169,
14.17. 22. 27. 170, 3. 7. 16.
26. 171,3. 6, 27. 172, 1. 5.
7. 16. 173, 23. 174, 3. 13.

23.31. 175,3. 177,21. 178.
8. 180, 12. 26. 33. 181, 4.

17. 21. 28. 182, 3. 10. 19.
23. 30. 183, 6. 11. 19. 23.
30. 184, 5. 12. 17. 22. 31.
185, 7. 13. 27. 186, 3. 8. 14.
25. 20. 30. 188, 5. 189, 22.
190, 33. 191, 9. 25. 192, 1.
17. 29. 12. 194, 8. 13. 17.
27. 30. 195, 4. 15. 20. 27.
33. 196, 5. 15. 22. 31. 197,
9. 15. ¹9· 198, 1. 12. 22.
199, 11. 17. 200, 17. 23.
201, 10. 16. 28. 202, 1. 3.
12.17. 21. 26. 203, 18. 25.
204, 1. 10. 12. 18. 206, 31.
207, 21. 29. 208, 23. 32.
209, 3. 6. 16. 210, 12. 30.
211, 23. 212, 8. 24. 213,
32. 214, 11. 23. 215, 8‚17.
21. 216, 17. 31. 217, 1. 5.
17. 32. 218, 7. 14. 219, 1.
16.21.27. 220‚16.29. 221,
25.32. 222, 3. 22. 223, 1.

