INDEX SCRIPTORUM

E QUIBUS CATENA IN ACTA APOSTOLORUM
CONTEXTA EST.

ψ

AMMONrus 10, 10. 54, 29. 61,
13. 84, 24. 85, 1.

32. 64,
6. 87, 27. 91, 29. 32.

24. 229, 7.

3392 ι9· 240,

317·17· 319·

340, 8.

7. 367, 25. 368, 16.

{},⁵ 382 3ο· 383 13· 384

16. 385, 6 386, 1. 387, 16.

389 8 391 17 29 392 31·

101, 4. 112, 16. 1299‚2⁹1g.
135,30.137,1. 151,8. 155,

25. 156, 8. 159‚11. 173,12.
180, 20. 181, 7. 183, 13.

184, 7. 186, 16. 190, 22.
196, 17. 200,10. 27. 201,
25. 207,14. 208,17. 211,
31. 212,1.13. 218,24. 227,
230, 18. 231, 15.
232, 22. 233, 21. 235, 13.
237, 24. Cod. Coisl. 238, 9.
15. 242, 7.
243, 26. 244, 3. 22. 245, 15.
246, 10. 247, 15. 252, 10.
254,32. 256,3. 259, 8. 262.
16. 264, 4. 26. 265, 11. 33.
266, 8. 31. 270, 10. 274, 24.
276, 18. 278, 12. 279, 25.
281, 19. 282, 12. 26. 283,

17. 284‚8. 296,31. 299,30.
302, 29. 303, 6. 304, 13.
305, 22. Cod. Coisl. 306, 10.
307, 7. 309, 18. 310, 4. 32.
313, 29. 315, 23. 316, 30.
13. 320, 19. .
Cod. Coisl. 324, 13. 325, 14.
326,19. 329,11. 330, 31.
332, 30· 3342 33· 335, 23·
336· 23· 337, 5· 339· 22·
Cod. Coisl. 27.
341, 10· 30· 342, 3¹· 3442
32· 34832· 34819- 359·
7· 351,32. 354‚17· 355231-
359, 18. 361, 3. 18. 25. 362,
11. Cod. Coisl. 29. 365,
3693·
15·371›14-27- 374 29·
27. 377, 26. 380,11.

 

395, 20. Cod. Coisl. 396, 18.
398, 27. 399, 6. 26. 401‚19.
403, 11. 404, 11. 405,21.
4o9‚3. 410, 7. 411‚22. 413,
32. 415,27. 416‚15. 420,11.
Anonymus (Ἀνεπίγραφος) 5, 18.
29, 6. 40, 6. 42, 1. 43, 32.
44, 7. 46,1. 48,21. 49,32.
52,3.6. 14. 57, 4. 62, 8. 63.
32. 65, 10. 67, 27. 74,32.
79,16. 86, 16. 89, 33. 95,
31. 104, 21. 106, 25. 120,
29· 127 23· 139 26· 143,
3.169,10.175,5.186,30.
189, 4. 212, 10. 222, 5. 230,
14. 258, 35. 262, 2. 263,
30. 271, 24. 291, 4. 307, 1.
310, 24. 319, 3. 332, 10. 26.
333· 17· 338, 5· 341·6· 366·

28.· 377, 23. 413, 16. 417, 31.
Apollmarls 12, 19.

Arsenius 130, 9.

Athanasius ἐκ τοῦ πρὸς Ναυατιανοὺς
τάγματος 86, 5. ἐκ τοῦ προς τοὺς
λεγομένους καθαροὺς λόγου γ’, 140,
14. ἐκ τῆς πρὸς Ναυατιανοὺς τοὺς
ἑαυτοὺς ὀνομάσαντας καθαροὺς βι-
βλίου λόγου β’ 263, 25.

8, 3. 39, 1. 51, 1.
80, 9. 31. 85, 28. 130, 23.
Basilius ἐκ τῆς ἑξαημέρου ἕμιλίας 5'.

36, 30. ἐκ τῆς ἑρμηνείας τοῦ λγ’.
ψαλμοῦ 208, 1. ῥητοῦ προκειμένου
τοῖς εὐθέα-1 (leg. ἔθνεσι) πρέπει a’t'-
νεσις 272, 1.

129, 4. 407, 28. 418,

 

34·

Chrysostomus ἐκ τοῦ κατὰ Ματ-
θαῒον εὐαγγελίου 76, 20. 77, 11.
92, 6. ἐκ τοῦ κατὰ Ἰωάννην ὑπο·-
μνῆματος 51, 12. 299, 9. ἐκ
τοῦ ξγ’. λόγου τοῦ εἷς τὸ κατὰ Ἰω-
άννην εὐαγγέλιον 316, 18. ἐκ τῆς
πρὸς Ῥωμαίους ἑρμηνείας λόγος α’.

